-3.605388
8.941356
4.161469
0.047052
6.749173
-0.868672
-2.153973
10.553910
-0.810762
-0.161293
8.368159
0.939141
-4.875834
7.887936
-2.686480
-2.056413
9.099559
-0.701712
-3.554501
9.582502
-0.371032
-1.345304
8.598131
1.629568
1.444228
8.847700
-0.559723
-0.741697
7.329498
-0.291909
-6.207494
10.175165
4.403745
-3.072650
10.238905
-1.992831
-1.918147
9.846145
1.155542
-4.639160
8.832674
-2.520906
-3.318731
8.450119
-7.147489
-2.814738
5.970137
0.083342
2.860831
9.195931
0.081477
-3.180103
10.275603
-0.393158
-2.982384
8.541185
0.498602
0.426451
7.411220
0.287159
-0.131127
7.625770
-2.187649
0.485695
7.419860
0.652308
-2.208594
8.093815
-1.207925
-2.773645
10.053818
-0.862518
-1.054735
8.390866
-0.366063
-0.838253
6.592888
-0.247988
-1.691500
10.233061
0.619074
-1.207886
11.647904
-0.439098
0.455656
8.967897
-0.880777
-5.381803
10.193750
-3.195381
-2.804225
7.796061
-0.355278
-1.847677
10.125520
-0.264165
-3.704220
10.205276
-3.552315
-1.796245
6.123744
2.056329
-0.737665
11.210065
-4.501290
2.936204
8.389890
1.637107
-1.875641
7.731014
-0.726171
-3.876982
8.542896
-0.356517
-0.638948
9.859237
-0.640559
-4.073701
10.184172
-3.667227
