3.012493
2.108067
-2.959369
4.166693
1.589336
-1.018513
5.337881
1.671711
-1.430607
3.765204
1.019637
-3.390547
5.301346
2.057022
-1.846960
4.865553
2.041706
-3.393786
5.325416
1.883342
-3.129356
3.713480
1.949061
-2.467419
3.618453
2.517896
-2.969211
4.661981
1.491805
-1.760158
3.997027
1.769136
-3.452408
3.820834
1.681330
-2.852890
4.122701
2.213432
-2.147726
3.763787
0.629662
-4.665830
3.172169
1.591203
-3.326562
5.142143
2.632779
-1.697530
6.030719
2.021697
-2.025882
3.391626
2.705081
-2.225621
4.301200
1.943740
-3.687952
3.090786
2.426683
-2.529282
4.842874
1.504692
-1.393466
5.323353
2.192569
-2.468918
3.191774
2.260137
-2.045163
3.024201
2.291814
-1.441281
5.674102
3.057509
-2.205209
5.667877
1.358329
-2.364670
3.303396
1.564853
-3.893190
4.292099
1.411638
-2.230624
3.095347
0.760078
-2.140266
4.655508
2.165349
-4.622849
4.371196
2.919935
-1.714744
3.157720
2.495537
-1.904267
3.982684
1.432718
-3.583402
4.202996
2.866402
-3.665384
3.124888
2.884429
-1.021649
4.003738
1.739371
-1.979622
4.103810
2.759272
-1.023412
5.217128
2.334454
-3.816362
3.350097
2.087963
-1.907591
3.442917
3.261768
-1.580886
