-0.880423
-0.851473
-1.670911
-1.659989
-1.613943
0.449017
2.745103
-1.969166
1.705793
1.536992
-1.180268
2.152266
-3.162380
1.873933
-0.836391
4.165681
-3.094662
-0.192705
-0.027950
0.412400
0.557810
0.271240
-0.041355
1.858274
-1.012092
-0.531394
0.681353
1.315516
-2.917159
1.979264
-2.197256
0.617718
-0.650576
1.101880
-0.559610
2.769442
-1.254756
1.015406
-0.875005
-0.868576
-1.861030
-0.252562
-1.260515
1.040168
-0.555115
-0.814360
0.792429
0.886611
-1.479058
0.740719
-4.311894
0.563669
0.467085
2.902313
0.234434
-0.200505
0.068530
0.917405
-0.349854
0.307613
-0.572103
0.810838
-3.735178
2.989232
-0.854573
2.134649
-1.395563
0.914641
1.007531
1.726915
0.874902
-0.035412
-0.106407
2.366399
-1.560006
1.498344
-3.894158
0.137256
-1.049056
0.148440
