0.730037
-3.470295
2.185503
-4.621398
0.170019
-3.002272
5.692543
-3.541360
3.876880
-0.672350
1.667515
-2.750603
-1.307673
-1.032985
1.605194
2.551462
0.891575
-2.568541
2.547713
-3.430070
2.283055
-2.502070
2.210426
0.054822
3.600280
-2.831302
2.229005
-1.207615
-0.627280
-0.427530
0.367561
-2.219959
2.806113
-1.916208
1.683228
0.787350
0.415249
-0.568247
2.296943
-3.443012
0.111182
-3.813987
0.906764
-1.031306
2.144471
-2.230687
3.653360
-1.713883
1.222098
-2.763820
-0.899968
-1.567993
3.421191
-0.529810
2.121278
-2.682534
3.949950
-0.998606
2.665324
-1.962360
1.226661
-0.593537
-1.800259
-1.496083
0.557385
-0.120625
0.620722
-2.150323
3.003585
-0.420059
5.019070
-6.002655
2.515995
0.571607
0.219837
-0.072186
-1.055595
-2.692070
0.375567
-3.638395
